RMSE, MAE

cluster_size = 4
factors = 3
num_of_centroids = 3

average rmse = 0.8141765344423346
average mae = 0.6366763468169228

1.1061322399148612,0.8250000000000001
1.314484548632749,1.0237219364310162
1.143507007766882,0.8670613422247166
1.3734489127931075,1.0697941348034572
1.38640837173104,1.1049033007808728
1.2976565392097557,0.9957179123873475
1.2760311812167067,0.9675213252101635
1.3203490746744642,1.0257247093630988
1.3478464978282971,1.090524803413612
1.2720633919955626,1.0193133075823426
1.4086380577725583,1.1378112268919716
1.3294030439040634,1.049949650229767
1.352241694700696,1.05257380213614
1.3561356894498078,1.0323970299019458
1.344414039822012,0.9990590340482582
1.3941476334604617,1.092038715038687
1.518024385051617,1.2112460179382334
1.4015486149522725,1.0772192766880317
1.409406871815206,1.141945035167704
1.5159378399049226,1.2267968847210897
1.277452793793685,0.9812575907757303
1.4188637923666068,1.0970210970993794
1.3241389724336197,1.015766931537254
1.3173956562988027,1.0105427589601195
1.3826539692668838,1.0995597683488207
1.3971196950018923,1.1031794723197232
1.303829900740073,0.975845626243977
1.3825256635948906,1.0826914119517819
1.3740321246660177,1.0251867319119878
1.4959270467070056,1.2009971245616125
1.459658823954399,1.1366359172807181
1.4344746267977964,1.0978168350902204
1.3652328457942813,1.072669156408241
