RMSE, MAE

cluster_size = 3     
factors = 8
num_of_centroids = 7

average rmse = 1.2149924019544822
average mae = 0.9668799499717959

1.055607048319701,0.8032042170101871
1.2873192013893395,1.0030044665233724
1.0670994827411666,0.822114796011927
1.2593948914336628,1.0005841915111762
1.3102170358662917,1.0571558324142643
1.1449430316988976,0.9031981329668017
1.1660498099903855,0.9036878249267469
1.2407793176586206,0.993127579412318
1.2129537553643868,1.0109521756063458
1.259620935815016,0.9917038843075285
1.2803012069138051,1.0268843881752716
1.265690608573463,0.9956916425619212
1.1922272415178663,0.94923455516708
1.2703574781347782,1.004444484492941
1.229708369426116,0.9603891624624765
1.2383794009290745,0.9867546037092882
1.3709461014283932,1.088366543213362
1.2903310615712342,1.0032289144275401
1.3196212867683124,1.083127409032134
1.3649881876102625,1.15005597661756
1.2134425187721796,0.9602846946367543
1.357685603141792,1.0473614286755488
1.2321638007906168,0.982497354463788
1.2425161745308961,0.9932631899580864
1.2433497370615298,1.0075058745348595
1.2557643893390122,1.0117737529703383
1.202622616165423,0.9577677370689707
1.2820082038262344,1.0274670797691026
1.2548057948724196,0.9850775189339859
1.4078703344254997,1.1267545260635945
1.3348971702821546,1.0999228279208164
1.2341864289322393,0.9613058182121147
1.2662959306408013,1.0200979409174147
