RMSE, MAE

cluster_size = 5 
factors = 3
num_of_centroids = 4

average rmse = 0.9247847881607038
average mae = 0.7663625617941021

1.0569171508037287,0.7906479507225777
1.2751500331645425,0.9966011731569243
1.1361849884731718,0.8727500927202338
1.2059966421338517,0.9337827687609448
1.3871862231144194,1.1067818769437694
1.2149481741831545,0.9394807177678912
1.2896366530343968,0.9904612913503484
1.3404710531072697,1.0604773238252692
1.316800539344091,1.0706486615470803
1.2615395790328907,0.9816758942883536
1.4016470647753236,1.1460958539755592
1.3625011631514474,1.0714441385788596
1.4447705152076953,1.147710597001806
1.3534082461832913,1.0254547586599567
1.285544214711113,0.9764292489477651
1.3282090987413548,1.0313951847507086
1.4991343604009928,1.217564477935502
1.4368822597952497,1.1331803257704218
1.4397874436147315,1.19237301503053
1.5722925853580199,1.3076391856216758
1.3465604304335401,1.0368864360599623
1.4773648859509514,1.141695396607416
1.3464274000344103,0.9995091933679335
1.377286622096911,1.0859010390845971
1.3275037877312046,1.0778208568413268
1.3482556517334912,1.0571324962009783
1.3558382141671304,1.0540236195058523
1.3691113682583256,1.097821023484585
1.3375930480970393,1.021630055578537
1.5909901889913844,1.2863280764700449
1.4374416147727551,1.1177888501058162
1.3898350235777817,1.057312151598388
1.338525193931371,1.0182651104027551
