RMSE, MAE

cluster_size = 2
factors = 3
num_of_centroids = 3

average rmse = 0.942586390527227 
average mae = 0.6890886707065891

1.0906968850501677,0.8181303304904052
1.2914986470556369,1.018119711996758
1.119959973993741,0.8560623331212142
1.2553364959512188,0.9793729609806634
1.2842446213513885,1.0418036006825788
1.1734163242808004,0.9327271222961425
1.22837905699864,0.9635156821834077
1.2695731165736164,1.0232399584507197
1.25056819099796,1.0450002701245344
1.3663008393274263,1.0741949915641995
1.352371441504903,1.0835264801972198
1.3603893555148272,1.0539439656774685
1.2392515218064617,0.9692391934327906
1.2955880255654761,1.0405582716852595
1.3481141520162172,1.0346471864320657
1.3729161248356538,1.1230874002110771
1.3771696420252528,1.1103356926021248
1.3294490270283996,1.0372406716816565
1.4246554090224937,1.1644410622391874
1.404889004611734,1.1504398227237986
1.2334171883632699,0.9692145996290318
1.4789651745232875,1.1373463698788386
1.2304870939267445,0.9471289277909025
1.3277135750731797,1.0674133171693705
1.3037424630529426,1.038804289750438
1.269063160902927,1.0007759948278592
1.2279655889854062,0.974422611326564
1.3004728966503458,1.0494026896255362
1.3740244053056694,1.043170824327459
1.4359061616990794,1.1794593644179268
1.3255372371381688,1.0597992182009852
1.4208933174136702,1.111795871323935
1.296153744065408,0.9877493220518536
